208,865
208,1253
208,1430
208,806
208,148
208,664
208,1062
208,1429
208,905
208,854
208,550
208,311
208,1147
208,1230
208,1175
208,918
208,895
208,375
208,865
208,1253
208,1430
208,806
208,148
208,664
208,1062
208,1429
208,905
208,854
208,550
208,311
208,1147
208,1230
208,1175
208,918
208,895
208,375
225,279
225,1204
225,16
208,865
208,1253
208,1430
208,806
208,148
208,664
208,1062
208,1429
208,905
208,854
208,550
208,311
208,1147
208,1230
208,1175
208,918
208,895
208,375
133,213
133,215
133,508
208,865
208,1253
208,1430
208,806
208,148
208,664
208,1062
208,1429
208,905
208,854
208,550
208,311
208,1147
208,1230
208,1175
208,918
208,895
208,375
206,1459
206,562
206,1493
206,1359
206,453
1,808
1,877
1,562
1,148
1,480
1,1062
1,522
1,925
1,546
1,1277
1,1478
1,1282
1,1533
1,775
1,1359
1,1592
1,1272
65,223
65,90
333,715
333,1056
333,90
333,749
183,461
183,197
183,216
183,1492
183,156
166,1341
166,1574
162,1453
162,297
162,1154
162,319
162,549
162,770
162,612
153,1450
153,958
153,1182
217,937
217,844
217,515
255,1069
255,466
255,1272
255,546
255,1277
255,620
255,1478
255,775
255,1235
255,1145
255,1383
255,1359
255,1149
255,1186
255,644
255,1593
271,591
271,1479
271,627
271,958
271,61
271,254
271,1022
271,515
303,1281
303,767
303,241
303,1080
303,1061
111,744
111,958
109,856
109,673
109,419
109,1376
289,1448
289,207
289,1439
64,1519
64,1454
64,562
64,148
64,1062
64,493
64,1255
64,959
64,889
64,697
64,1478
64,956
64,1282
64,1359
64,581
126,750
126,328
126,1011
126,889
126,932
126,7
126,1267
190,465
190,1359
212,1172
212,947
212,19
212,786
212,921
212,317
212,811
212,1285
212,174
212,999
105,742
105,1181
105,1471
105,1116
109,856
109,673
109,419
109,1376
196,1449
196,424
196,141
196,667
196,122
321,578
321,912
321,1255
321,959
321,1478
321,1359
321,1203
321,1186
321,1247
321,1277
196,1449
196,424
196,141
196,667
196,122
293,667
293,633
293,257
293,366
293,824
196,1449
196,424
196,141
196,667
196,122
336,607
336,1059
336,982
196,1449
196,424
196,141
196,667
196,122
206,1459
206,562
206,1493
206,1359
206,453
289,1448
289,207
289,1439
270,601
270,207
248,532
248,1081
248,1545
248,37
206,1459
206,562
206,1493
206,1359
206,453
200,467
200,1306
200,78
200,283
200,1551
200,218
200,359
200,983
200,1360
200,914
200,712
200,80
287,980
287,380
287,466
287,912
287,1272
287,546
287,1277
287,113
287,462
287,1478
287,775
287,1145
287,1383
287,1359
287,1480
287,991
287,895
20,220
20,942
20,1217
20,1278
20,796
20,563
20,344
20,624
20,318
20,1066
20,79
20,20
275,976
275,582
275,450
275,1193
275,325
275,239
275,544
275,563
275,665
275,882
275,629
275,71
4,1162
106,536
106,934
106,1442
106,1255
106,1478
106,1391
106,1359
106,1149
106,1075
106,1134
20,220
20,942
20,1217
20,1278
20,796
20,563
20,344
20,624
20,318
20,1066
20,79
20,20
133,213
133,215
133,508
49,1118
257,143
257,691
312,651
312,388
32,1509
32,1398
32,851
32,1199
32,40
32,875
32,1441
32,1460
32,1273
32,348
32,4
269,691
269,138
32,1509
32,1398
32,851
32,1199
32,40
32,875
32,1441
32,1460
32,1273
32,348
32,4
220,869
220,867
118,1341
118,1174
118,691
304,985
304,458
304,1377
304,390
15,682
15,77
15,533
15,1530
15,1197
15,1240
218,435
218,950
304,985
304,458
304,1377
304,390
310,1437
310,1087
310,201
310,895
304,985
304,458
304,1377
304,390
270,601
270,207
310,1437
310,1087
310,201
310,895
304,985
304,458
304,1377
304,390
138,1027
138,1062
138,1255
138,885
138,474
138,132
138,362
138,1377
138,554
138,1055
270,601
270,207
276,1341
276,400
118,1341
118,1174
118,691
69,1024
69,497
69,1497
69,791
69,1412
69,1209
69,816
130,56
130,660
90,1471
90,981
90,1116
105,742
105,1181
105,1471
105,1116
90,1471
90,981
90,1116
241,476
241,1266
241,1261
241,987
241,126
241,714
306,596
306,1580
306,207
306,927
71,1522
71,1255
71,1325
71,1466
71,1600
71,693
71,148
71,569
181,1101
181,172
51,804
51,1000
51,484
51,449
51,694
51,1289
51,756
51,1073
51,618
51,1409
51,444
51,405
51,732
331,1164
331,1342
28,215
28,773
28,203
28,1315
51,804
51,1000
51,484
51,449
51,694
51,1289
51,756
51,1073
51,618
51,1409
51,444
51,405
51,732
51,804
51,1000
51,484
51,449
51,694
51,1289
51,756
51,1073
51,618
51,1409
51,444
51,405
51,732
225,279
225,1204
225,16
51,804
51,1000
51,484
51,449
51,694
51,1289
51,756
51,1073
51,618
51,1409
51,444
51,405
51,732
101,668
101,842
101,1573
101,1421
94,264
94,1303
94,97
94,165
94,410
94,991
51,804
51,1000
51,484
51,449
51,694
51,1289
51,756
51,1073
51,618
51,1409
51,444
51,405
51,732
28,215
28,773
28,203
28,1315
266,1585
266,968
266,48
266,1074
266,1302
266,1518
258,215
258,598
258,1396
258,215
258,598
258,1396
266,1585
266,968
266,48
266,1074
266,1302
266,1518
258,215
258,598
258,1396
266,1585
266,968
266,48
266,1074
266,1302
266,1518
78,800
78,1113
266,1585
266,968
266,48
266,1074
266,1302
266,1518
33,1198
33,1521
33,790
33,186
37,1468
37,1397
37,1468
37,1397
240,1581
240,382
240,5
240,1497
202,1374
202,1078
202,1300
202,479
202,174
202,5
202,583
136,74
136,1515
136,1562
136,1329
136,384
136,628
123,399
123,406
123,471
123,524
123,850
190,465
190,1359
166,1341
166,1574
230,1423
230,1280
230,1222
230,148
230,522
230,925
230,697
230,826
230,973
230,1351
230,1282
230,1149
230,698
230,1359
230,724
230,981
230,1423
230,1280
230,1222
230,148
230,522
230,925
230,697
230,826
230,973
230,1351
230,1282
230,1149
230,698
230,1359
230,724
230,981
230,1423
230,1280
230,1222
230,148
230,522
230,925
230,697
230,826
230,973
230,1351
230,1282
230,1149
230,698
230,1359
230,724
230,981
289,1448
289,207
289,1439
60,1157
60,53
95,949
95,1020
95,525
95,237
40,416
40,1410
339,773
339,508
339,904
339,1251
339,895
93,85
93,234
93,1011
93,1507
93,981
186,692
186,500
186,146
186,906
186,1146
186,538
186,941
186,871
186,1536
37,1468
37,1397
289,1448
289,207
289,1439
137,838
137,478
137,1454
137,990
137,148
137,493
137,889
137,697
137,256
137,581
271,591
271,1479
271,627
271,958
271,61
271,254
271,1022
271,515
104,33
104,60
104,139
104,830
104,897
104,1379
104,1128
104,457
104,721
104,1043
104,25
104,1456
104,1368
104,73
104,282
303,1281
303,767
303,241
303,1080
303,1061
271,591
271,1479
271,627
271,958
271,61
271,254
271,1022
271,515
74,261
74,1342
74,595
74,1041
74,1554
74,1209
271,591
271,1479
271,627
271,958
271,61
271,254
271,1022
271,515
8,1299
8,248
8,349
8,1163
8,864
8,734
8,31
8,1512
8,1471
8,1116
26,1156
26,1159
26,1470
26,1025
26,1092
26,413
26,1346
264,185
264,1218
264,509
264,1415
264,1096
264,1089
264,178
264,403
264,829
264,723
26,1156
26,1159
26,1470
26,1025
26,1092
26,413
26,1346
138,1027
138,1062
138,1255
138,885
138,474
138,132
138,362
138,1377
138,554
138,1055
339,773
339,508
339,904
339,1251
339,895
238,1242
238,147
238,1331
315,1431
315,1433
315,501
315,1489
274,1179
274,649
274,1535
274,179
274,210
274,1039
278,1035
278,412
165,579
165,518
73,128
73,724
73,912
73,1062
73,959
73,1277
73,1478
73,1282
73,1461
73,1359
73,1417
73,352
73,845
73,148
73,504
73,895
338,631
338,1268
338,1170
338,1314
338,357
12,1407
338,631
338,1268
338,1170
338,1314
338,357
305,704
305,1260
305,338
305,1150
305,371
305,1126
305,1494
305,1137
305,1293
305,230
133,213
133,215
133,508
305,704
305,1260
305,338
305,1150
305,371
305,1126
305,1494
305,1137
305,1293
305,230
259,613
259,1068
259,1527
259,153
259,518
259,1542
305,704
305,1260
305,338
305,1150
305,371
305,1126
305,1494
305,1137
305,1293
305,230
219,1384
219,846
219,95
219,268
219,1038
305,704
305,1260
305,338
305,1150
305,371
305,1126
305,1494
305,1137
305,1293
305,230
305,704
305,1260
305,338
305,1150
305,371
305,1126
305,1494
305,1137
305,1293
305,230
141,841
141,1150
141,919
141,915
141,916
141,1558
141,841
141,1150
141,919
141,915
141,916
141,1558
141,841
141,1150
141,919
141,915
141,916
141,1558
141,841
141,1150
141,919
141,915
141,916
141,1558
144,1446
144,1150
144,1547
144,560
144,915
144,99
144,230
316,707
316,170
316,1044
158,215
158,517
158,1171
158,158
158,204
334,684
334,1366
195,1547
195,560
195,1413
195,99
167,557
167,680
167,1511
167,297
167,1415
167,1086
167,41
167,557
167,680
167,1511
167,297
167,1415
167,1086
167,41
167,557
167,680
167,1511
167,297
167,1415
167,1086
167,41
14,103
14,748
252,1458
252,469
252,1068
252,955
252,843
167,557
167,680
167,1511
167,297
167,1415
167,1086
167,41
146,945
146,730
166,1341
166,1574
205,1058
205,1062
205,1575
205,112
25,1264
25,1369
25,957
25,1192
25,983
190,465
190,1359
2,503
2,1062
2,522
2,1245
2,362
2,1377
2,324
2,554
151,157
151,686
151,341
151,975
151,1348
151,1153
5,716
5,1160
5,313
291,642
291,1012
291,992
281,1486
281,728
281,572
281,903
281,666
281,11
281,1023
281,1486
281,728
281,572
281,903
281,666
281,11
281,1023
18,1504
18,1442
18,912
18,1255
18,959
18,1277
18,1478
18,490
18,1391
18,1359
18,1075
18,1244
281,1486
281,728
281,572
281,903
281,666
281,11
281,1023
31,1589
31,1238
31,542
67,847
67,1309
67,1155
281,1486
281,728
281,572
281,903
281,666
281,11
281,1023
324,1394
324,425
324,484
324,535
324,418
324,241
324,732
324,733
324,1188
324,1394
324,425
324,484
324,535
324,418
324,241
324,732
324,733
324,1188
324,1394
324,425
324,484
324,535
324,418
324,241
324,732
324,733
324,1188
46,1392
46,1406
46,15
46,1207
324,1394
324,425
324,484
324,535
324,418
324,241
324,732
324,733
324,1188
324,1394
324,425
324,484
324,535
324,418
324,241
324,732
324,733
324,1188
247,954
247,954
115,347
115,1454
115,1106
115,663
115,1034
115,1255
115,781
115,697
115,1359
115,1149
115,989
115,866
115,193
115,1075
115,1490
115,347
115,1454
115,1106
115,663
115,1034
115,1255
115,781
115,697
115,1359
115,1149
115,989
115,866
115,193
115,1075
115,1490
115,347
115,1454
115,1106
115,663
115,1034
115,1255
115,781
115,697
115,1359
115,1149
115,989
115,866
115,193
115,1075
115,1490
133,213
133,215
133,508
115,347
115,1454
115,1106
115,663
115,1034
115,1255
115,781
115,697
115,1359
115,1149
115,989
115,866
115,193
115,1075
115,1490
68,862
68,593
157,1477
157,1310
157,466
157,1062
157,165
157,697
157,1444
157,1215
157,238
157,1478
157,822
157,1282
157,1145
157,1383
157,881
157,1393
157,1149
157,580
157,1359
157,724
157,1477
157,1310
157,466
157,1062
157,165
157,697
157,1444
157,1215
157,238
157,1478
157,822
157,1282
157,1145
157,1383
157,881
157,1393
157,1149
157,580
157,1359
157,724
166,1341
166,1574
157,1477
157,1310
157,466
157,1062
157,165
157,697
157,1444
157,1215
157,238
157,1478
157,822
157,1282
157,1145
157,1383
157,881
157,1393
157,1149
157,580
157,1359
157,724
119,1213
119,556
133,213
133,215
133,508
188,858
188,386
188,887
188,1141
23,510
23,1596
23,473
23,1277
23,953
23,1233
23,106
23,1119
23,881
23,678
23,1310
23,233
23,123
23,1359
157,1477
157,1310
157,466
157,1062
157,165
157,697
157,1444
157,1215
157,238
157,1478
157,822
157,1282
157,1145
157,1383
157,881
157,1393
157,1149
157,580
157,1359
157,724
311,306
311,1117
311,771
311,635
311,741
311,1409
311,886
311,836
311,710
228,575
43,1482
203,1057
203,115
203,1377
203,763
118,1341
118,1174
118,691
180,1270
180,51
180,818
180,17
273,776
273,652
273,1071
110,386
110,356
110,1507
110,981
19,364
19,300
19,545
251,463
251,1322
277,1381
277,626
277,85
277,192
277,409
277,1065
277,1158
277,585
277,22
277,534
277,700
277,1166
277,519
277,1140
277,608
277,1422
277,895
76,751
76,637
76,1414
76,1077
76,1529
76,98
76,1259
76,66
76,548
76,951
76,294
76,129
76,779
76,1110
76,1540
76,909
76,496
76,481
76,1142
76,1434
114,834
114,149
114,1064
114,614
114,1063
43,1482
328,711
328,1205
328,562
328,466
328,148
328,1277
328,1272
328,546
328,697
328,1478
328,775
328,1282
328,1235
328,1145
328,1383
328,1359
328,410
328,991
253,1335
253,876
328,711
328,1205
328,562
328,466
328,148
328,1277
328,1272
328,546
328,697
328,1478
328,775
328,1282
328,1235
328,1145
328,1383
328,1359
328,410
328,991
322,1371
322,645
322,1321
322,167
322,746
295,605
295,167
295,746
295,895
299,396
299,561
41,116
41,562
41,466
41,1478
41,775
41,1235
41,1145
41,1383
41,1359
41,1186
41,1075
41,644
41,890
41,991
30,540
30,76
30,292
30,1587
30,1385
30,1563
30,996
30,1014
30,1326
30,151
30,404
30,439
30,1328
30,488
30,447
30,828
30,1001
150,155
150,1130
150,946
150,84
75,529
75,879
175,137
175,814
175,708
175,766
175,326
175,526
175,100
175,809
168,1557
168,275
209,1330
209,739
209,45
168,1557
168,275
239,111
239,1228
239,1035
239,648
239,280
239,1002
239,780
239,211
239,412
239,1380
209,1330
209,739
209,45
103,1219
103,1026
103,587
229,1161
229,342
229,1144
229,1429
229,905
229,21
229,981
229,632
229,833
229,1161
229,342
229,1144
229,1429
229,905
229,21
229,981
229,632
229,833
146,945
146,730
229,1161
229,342
229,1144
229,1429
229,905
229,21
229,981
229,632
229,833
229,1161
229,342
229,1144
229,1429
229,905
229,21
229,981
229,632
229,833
229,1161
229,342
229,1144
229,1429
229,905
229,21
229,981
229,632
229,833
339,773
339,508
339,904
339,1251
339,895
278,1035
278,412
216,868
216,148
216,1255
216,697
216,1478
216,1493
216,1359
216,1149
216,453
216,1583
216,553
216,569
216,351
216,1223
16,1503
16,1208
16,287
224,1361
224,622
224,1503
16,1503
16,1208
16,287
81,1308
81,1513
81,241
81,802
81,219
133,213
133,215
133,508
194,1382
194,1457
194,1212
194,1352
194,110
194,1571
194,303
194,839
194,229
194,470
194,994
194,381
194,1006
194,1070
194,1180
194,402
194,251
194,1019
194,288
194,208
335,611
335,484
335,795
335,47
335,656
335,998
335,63
335,397
335,1451
335,1386
262,1389
262,1582
262,670
262,737
262,718
335,611
335,484
335,795
335,47
335,656
335,998
335,63
335,397
335,1451
335,1386
335,611
335,484
335,795
335,47
335,656
335,998
335,63
335,397
335,1451
335,1386
335,611
335,484
335,795
335,47
335,656
335,998
335,63
335,397
335,1451
335,1386
335,611
335,484
335,795
335,47
335,656
335,998
335,63
335,397
335,1451
335,1386
173,672
173,415
173,1550
173,420
133,213
133,215
133,508
158,215
158,517
158,1171
158,158
158,204
89,1216
89,466
89,1310
89,169
89,1393
89,881
89,695
89,1277
89,775
89,1235
89,1383
89,1359
89,1149
89,121
89,1100
89,1037
89,807
89,123
89,1216
89,466
89,1310
89,169
89,1393
89,881
89,695
89,1277
89,775
89,1235
89,1383
89,1359
89,1149
89,121
89,1100
89,1037
89,807
89,123
87,798
87,291
87,1044
87,16
87,1095
87,895
223,291
223,16
223,798
223,1044
223,1095
186,692
186,500
186,146
186,906
186,1146
186,538
186,941
186,871
186,1536
89,1216
89,466
89,1310
89,169
89,1393
89,881
89,695
89,1277
89,775
89,1235
89,1383
89,1359
89,1149
89,121
89,1100
89,1037
89,807
89,123
227,1016
227,466
227,925
227,1272
227,546
227,1277
227,1478
227,1533
227,775
227,1235
227,1145
227,1383
227,1359
227,1149
227,1186
227,991
227,1016
227,466
227,925
227,1272
227,546
227,1277
227,1478
227,1533
227,775
227,1235
227,1145
227,1383
227,1359
227,1149
227,1186
227,991
122,130
122,94
122,108
57,45
57,242
57,1320
57,1475
186,692
186,500
186,146
186,906
186,1146
186,538
186,941
186,871
186,1536
68,862
68,593
48,654
48,788
48,484
48,375
48,817
48,998
48,205
86,423
86,952
86,689
48,654
48,788
48,484
48,375
48,817
48,998
48,205
48,654
48,788
48,484
48,375
48,817
48,998
48,205
7,861
7,1009
7,1177
7,1052
48,654
48,788
48,484
48,375
48,817
48,998
48,205
207,679
207,1301
207,1476
207,1114
207,963
207,848
207,217
207,1224
207,131
207,1206
207,1034
207,1279
207,986
207,1008
207,401
207,895
207,408
207,441
207,1602
9,1539
9,669
9,960
9,226
9,284
9,541
9,1151
9,895
313,1088
313,1402
313,58
250,28
250,1013
317,1246
302,1287
302,466
302,1478
302,1533
302,775
302,1235
302,1145
302,1383
302,1359
302,1149
302,807
302,1134
302,1287
302,466
302,1478
302,1533
302,775
302,1235
302,1145
302,1383
302,1359
302,1149
302,807
302,1134
91,429
91,778
91,1514
91,228
91,492
91,1102
91,1172
91,250
91,117
91,1040
91,1599
208,865
208,1253
208,1430
208,806
208,148
208,664
208,1062
208,1429
208,905
208,854
208,550
208,311
208,1147
208,1230
208,1175
208,918
208,895
208,375
158,215
158,517
158,1171
158,158
158,204
56,1517
56,671
56,507
56,171
187,1005
187,1412
187,908
187,1296
13,163
84,427
84,354
84,855
84,502
84,202
29,1517
29,671
29,507
29,171
67,847
67,1309
67,1155
318,988
318,473
318,1280
318,717
318,169
318,959
318,1351
318,106
318,1533
318,1119
318,1383
318,1359
318,881
318,225
318,120
318,123
235,1436
235,1500
235,639
235,782
235,928
235,1601
235,1576
133,213
133,215
133,508
58,1004
58,466
58,484
58,375
58,562
58,332
58,925
58,620
58,1478
58,152
58,1533
58,1383
58,1359
58,1227
58,1186
58,92
58,991
58,1004
58,466
58,484
58,375
58,562
58,332
58,925
58,620
58,1478
58,152
58,1533
58,1383
58,1359
58,1227
58,1186
58,92
58,991
58,1004
58,466
58,484
58,375
58,562
58,332
58,925
58,620
58,1478
58,152
58,1533
58,1383
58,1359
58,1227
58,1186
58,92
58,991
99,438
99,459
99,1062
99,1558
270,601
270,207
263,276
263,849
99,438
99,459
99,1062
99,1558
312,651
312,388
53,1271
53,1084
53,1548
53,1093
53,1236
53,277
53,214
53,895
99,438
99,459
99,1062
99,1558
112,346
112,9
112,484
112,965
112,323
112,521
112,414
112,482
112,1451
112,785
112,924
112,346
112,9
112,484
112,965
112,323
112,521
112,414
112,482
112,1451
112,785
112,924
112,346
112,9
112,484
112,965
112,323
112,521
112,414
112,482
112,1451
112,785
112,924
112,346
112,9
112,484
112,965
112,323
112,521
112,414
112,482
112,1451
112,785
112,924
112,346
112,9
112,484
112,965
112,323
112,521
112,414
112,482
112,1451
112,785
112,924
258,215
258,598
258,1396
170,513
170,572
170,649
170,180
170,1239
66,1520
66,884
66,1541
88,738
88,91
88,1109
88,1327
88,653
88,339
73,128
73,724
73,912
73,1062
73,959
73,1277
73,1478
73,1282
73,1461
73,1359
73,1417
73,352
73,845
73,148
73,504
73,895
146,945
146,730
312,651
312,388
73,128
73,724
73,912
73,1062
73,959
73,1277
73,1478
73,1282
73,1461
73,1359
73,1417
73,352
73,845
73,148
73,504
73,895
178,1397
178,6
178,1098
283,83
283,34
283,1427
37,1468
37,1397
28,215
28,773
28,203
28,1315
193,567
193,863
193,1401
193,1356
193,101
193,1523
193,455
185,1464
185,114
332,613
332,518
332,272
332,1542
332,1555
210,784
210,55
210,1104
210,75
210,296
210,389
210,747
259,613
259,1068
259,1527
259,153
259,518
259,1542
292,1334
292,615
210,784
210,55
210,1104
210,75
210,296
210,389
210,747
146,945
146,730
210,784
210,55
210,1104
210,75
210,296
210,389
210,747
210,784
210,55
210,1104
210,75
210,296
210,389
210,747
210,784
210,55
210,1104
210,75
210,296
210,389
210,747
147,625
147,684
147,1112
308,719
308,1597
41,116
41,562
41,466
41,1478
41,775
41,1235
41,1145
41,1383
41,1359
41,1186
41,1075
41,644
41,890
41,991
308,719
308,1597
294,1387
294,1221
294,1312
294,560
294,915
147,625
147,684
147,1112
294,1387
294,1221
294,1312
294,560
294,915
252,1458
252,469
252,1068
252,955
252,843
325,1395
325,271
325,499
325,154
325,145
325,1378
325,335
325,421
325,677
325,485
325,495
325,1283
28,215
28,773
28,203
28,1315
262,1389
262,1582
262,670
262,737
262,718
325,1395
325,271
325,499
325,154
325,145
325,1378
325,335
325,421
325,677
325,485
325,495
325,1283
325,1395
325,271
325,499
325,154
325,145
325,1378
325,335
325,421
325,677
325,485
325,495
325,1283
107,531
325,1395
325,271
325,499
325,154
325,145
325,1378
325,335
325,421
325,677
325,485
325,495
325,1283
325,1395
325,271
325,499
325,154
325,145
325,1378
325,335
325,421
325,677
325,485
325,495
325,1283
38,1168
38,832
38,1218
135,440
135,241
135,767
135,1080
38,1168
38,832
38,1218
45,451
45,365
67,847
67,1309
67,1155
38,1168
38,832
38,1218
38,1168
38,832
38,1218
331,1164
331,1342
38,1168
38,832
38,1218
145,376
145,720
145,1508
145,1136
321,578
321,912
321,1255
321,959
321,1478
321,1359
321,1203
321,1186
321,1247
321,1277
327,1191
327,1332
327,1031
327,981
327,1559
327,1079
327,1072
327,641
204,685
204,765
204,1600
326,1152
326,1472
326,1553
326,252
68,862
68,593
152,935
199,1495
199,590
199,1125
199,26
199,819
199,290
199,46
199,1588
199,1099
199,212
298,894
298,499
298,475
298,454
298,1167
298,831
298,675
298,1121
82,1546
82,1202
82,724
82,1280
82,1428
82,148
82,959
82,1351
82,1282
82,1359
82,1149
82,931
82,255
82,265
242,753
242,1549
242,1347
242,1505
43,1482
43,1482
35,1445
35,1543
35,1473
35,1015
35,298
35,39
35,316
3,273
3,189
3,713
3,745
3,1544
3,1108
3,639
53,1271
53,1084
53,1548
53,1093
53,1236
53,277
53,214
53,895
43,1482
233,62
233,430
233,1526
233,1189
233,755
233,340
233,149
233,874
233,181
124,1032
124,1439
124,619
37,1468
37,1397
124,1032
124,1439
124,619
190,465
190,1359
265,486
265,494
265,1510
265,472
265,1498
265,200
270,601
270,207
265,486
265,494
265,1510
265,472
265,1498
265,200
265,486
265,494
265,1510
265,472
265,1498
265,200
155,446
155,466
155,1478
155,775
155,825
155,1145
155,1383
155,1359
155,246
155,1149
155,1186
155,644
155,991
173,672
173,415
173,1550
173,420
155,446
155,466
155,1478
155,775
155,825
155,1145
155,1383
155,1359
155,246
155,1149
155,1186
155,644
155,991
128,837
128,1491
128,984
128,617
279,537
279,559
279,1447
279,1362
279,1046
158,215
158,517
158,1171
158,158
158,204
323,1569
323,383
323,302
323,599
323,617
323,1349
323,576
154,676
154,1316
154,1405
154,768
154,1520
244,1336
244,484
244,757
244,604
244,732
244,230
259,613
259,1068
259,1527
259,153
259,518
259,1542
244,1336
244,484
244,757
244,604
244,732
244,230
244,1336
244,484
244,757
244,604
244,732
244,230
225,279
225,1204
225,16
244,1336
244,484
244,757
244,604
244,732
244,230
133,213
133,215
133,508
244,1336
244,484
244,757
244,604
244,732
244,230
61,1062
61,1424
61,1377
61,793
61,1294
61,1055
61,895
61,1062
61,1424
61,1377
61,793
61,1294
61,1055
61,895
258,215
258,598
258,1396
278,1035
278,412
61,1062
61,1424
61,1377
61,793
61,1294
61,1055
61,895
337,1499
337,477
337,1567
337,812
337,898
337,301
337,1307
337,245
337,135
337,360
337,602
337,1317
337,187
337,1363
337,1440
337,159
337,853
337,696
337,1234
337,140
337,940
337,1484
337,194
337,67
337,312
337,1319
337,922
337,1577
337,688
337,516
337,777
54,247
54,1068
54,586
54,577
61,1062
61,1424
61,1377
61,793
61,1294
61,1055
61,895
231,662
231,13
231,1397
318,988
318,473
318,1280
318,717
318,169
318,959
318,1351
318,106
318,1533
318,1119
318,1383
318,1359
318,881
318,225
318,120
318,123
142,736
142,1506
142,191
142,634
142,452
142,736
142,1506
142,191
142,634
142,452
249,1042
249,1143
249,1266
249,917
249,1115
249,891
249,1388
318,988
318,473
318,1280
318,717
318,169
318,959
318,1351
318,106
318,1533
318,1119
318,1383
318,1359
318,881
318,225
318,120
318,123
254,1265
254,491
260,972
260,1550
260,314
258,215
258,598
258,1396
177,49
177,1454
177,697
177,7
177,493
177,1282
177,956
177,774
177,148
177,562
177,1478
177,700
177,1359
177,49
177,1454
177,697
177,7
177,493
177,1282
177,956
177,774
177,148
177,562
177,1478
177,700
177,1359
289,1448
289,207
289,1439
83,1590
83,1292
72,789
72,102
72,978
72,428
72,1339
72,315
72,8
172,49
172,1454
172,697
172,7
172,493
172,1282
172,956
172,774
172,148
172,562
172,1478
172,700
172,1359
290,82
290,1122
290,1249
318,988
318,473
318,1280
318,717
318,169
318,959
318,1351
318,106
318,1533
318,1119
318,1383
318,1359
318,881
318,225
318,120
318,123
318,988
318,473
318,1280
318,717
318,169
318,959
318,1351
318,106
318,1533
318,1119
318,1383
318,1359
318,881
318,225
318,120
318,123
318,988
318,473
318,1280
318,717
318,169
318,959
318,1351
318,106
318,1533
318,1119
318,1383
318,1359
318,881
318,225
318,120
318,123
173,672
173,415
173,1550
173,420
159,961
159,1274
159,1426
211,880
211,53
211,1462
211,126
93,85
93,234
93,1011
93,1507
93,981
267,1286
267,1380
267,412
164,285
164,1454
164,956
164,562
164,148
164,1062
164,493
164,1552
164,697
164,932
164,1478
164,1282
164,584
164,1372
164,1359
164,1194
164,981
59,1269
59,1474
59,164
59,1090
126,750
126,328
126,1011
126,889
126,932
126,7
126,1267
164,285
164,1454
164,956
164,562
164,148
164,1062
164,493
164,1552
164,697
164,932
164,1478
164,1282
164,584
164,1372
164,1359
164,1194
164,981
118,1341
118,1174
118,691
97,938
97,927
97,1439
328,711
328,1205
328,562
328,466
328,148
328,1277
328,1272
328,546
328,697
328,1478
328,775
328,1282
328,1235
328,1145
328,1383
328,1359
328,410
328,991
97,938
97,927
97,1439
232,1045
232,1036
232,1225
97,938
97,927
97,1439
70,127
70,1373
70,1566
70,643
70,1404
70,422
70,857
70,1076
70,512
70,176
70,127
70,1373
70,1566
70,643
70,1404
70,422
70,857
70,1076
70,512
70,176
146,945
146,730
318,988
318,473
318,1280
318,717
318,169
318,959
318,1351
318,106
318,1533
318,1119
318,1383
318,1359
318,881
318,225
318,120
318,123
318,988
318,473
318,1280
318,717
318,169
318,959
318,1351
318,106
318,1533
318,1119
318,1383
318,1359
318,881
318,225
318,120
318,123
258,215
258,598
258,1396
39,1124
39,1558
133,213
133,215
133,508
39,1124
39,1558
213,1463
213,241
213,801
213,1568
213,1357
39,1124
39,1558
39,1124
39,1558
307,398
307,680
307,297
307,1218
307,464
307,1085
307,1028
307,1154
307,797
307,1007
258,215
258,598
258,1396
307,398
307,680
307,297
307,1218
307,464
307,1085
307,1028
307,1154
307,797
307,1007
146,945
146,730
307,398
307,680
307,297
307,1218
307,464
307,1085
307,1028
307,1154
307,797
307,1007
258,215
258,598
258,1396
307,398
307,680
307,297
307,1218
307,464
307,1085
307,1028
307,1154
307,797
307,1007
259,613
259,1068
259,1527
259,153
259,518
259,1542
307,398
307,680
307,297
307,1218
307,464
307,1085
307,1028
307,1154
307,797
307,1007
225,279
225,1204
225,16
267,1286
267,1380
267,412
297,124
297,493
297,932
297,981
93,85
93,234
93,1011
93,1507
93,981
63,1106
63,530
63,683
63,1355
63,1507
63,981
309,977
309,466
309,514
309,547
309,462
309,697
309,752
309,1478
309,775
309,1359
309,803
309,410
309,1149
309,353
309,991
309,977
309,466
309,514
309,547
309,462
309,697
309,752
309,1478
309,775
309,1359
309,803
309,410
309,1149
309,353
309,991
173,672
173,415
173,1550
173,420
309,977
309,466
309,514
309,547
309,462
309,697
309,752
309,1478
309,775
309,1359
309,803
309,410
309,1149
309,353
309,991
309,977
309,466
309,514
309,547
309,462
309,697
309,752
309,1478
309,775
309,1359
309,803
309,410
309,1149
309,353
309,991
309,977
309,466
309,514
309,547
309,462
309,697
309,752
309,1478
309,775
309,1359
309,803
309,410
309,1149
309,353
309,991
284,1487
284,1144
284,64
284,900
284,133
206,1459
206,562
206,1493
206,1359
206,453
284,1487
284,1144
284,64
284,900
284,133
24,1438
24,657
284,1487
284,1144
284,64
284,900
284,133
336,607
336,1059
336,982
284,1487
284,1144
284,64
284,900
284,133
163,762
163,87
163,1483
163,702
163,974
163,199
163,761
163,971
163,1367
236,1165
236,386
156,552
156,1280
156,148
156,1062
156,1277
156,1478
156,1351
156,1282
156,1359
156,1149
156,1
156,724
156,821
156,1202
156,504
156,552
156,1280
156,148
156,1062
156,1277
156,1478
156,1351
156,1282
156,1359
156,1149
156,1
156,724
156,821
156,1202
156,504
158,215
158,517
158,1171
158,158
158,204
156,552
156,1280
156,148
156,1062
156,1277
156,1478
156,1351
156,1282
156,1359
156,1149
156,1
156,724
156,821
156,1202
156,504
77,1561
77,39
77,1445
77,86
77,1561
77,39
77,1445
77,86
278,1035
278,412
77,1561
77,39
77,1445
77,86
77,1561
77,39
77,1445
77,86
28,215
28,773
28,203
28,1315
270,601
270,207
37,1468
37,1397
173,672
173,415
173,1550
173,420
173,672
173,415
173,1550
173,420
132,1538
132,1144
132,806
132,375
132,724
132,148
132,1062
132,697
132,1469
132,1493
132,1282
132,1359
132,489
132,1149
132,453
132,258
132,911
133,213
133,215
133,508
166,1341
166,1574
96,740
96,506
96,840
96,827
96,310
96,1275
96,740
96,506
96,840
96,827
96,310
96,1275
96,740
96,506
96,840
96,827
96,310
96,1275
79,336
79,1139
79,562
79,1485
79,148
79,1062
79,697
79,1478
79,1282
79,1359
79,685
79,231
79,327
96,740
96,506
96,840
96,827
96,310
96,1275
96,740
96,506
96,840
96,827
96,310
96,1275
252,1458
252,469
252,1068
252,955
252,843
176,1297
176,895
176,799
176,705
176,266
176,1365
176,1297
176,895
176,799
176,705
176,266
176,1365
176,1297
176,895
176,799
176,705
176,266
176,1365
127,943
127,224
127,564
127,54
127,923
176,1297
176,895
176,799
176,705
176,266
176,1365
176,1297
176,895
176,799
176,705
176,266
176,1365
268,293
268,182
268,621
125,1050
125,184
125,1403
125,236
125,109
125,594
125,395
125,870
125,392
125,196
125,997
125,1173
125,1050
125,184
125,1403
125,236
125,109
125,594
125,395
125,870
125,392
125,196
125,997
125,1173
108,1389
108,860
108,498
125,1050
125,184
125,1403
125,236
125,109
125,594
125,395
125,870
125,392
125,196
125,997
125,1173
148,367
148,1218
148,1258
148,93
148,1123
148,1570
148,12
148,1419
148,367
148,1218
148,1258
148,93
148,1123
148,1570
148,12
148,1419
148,367
148,1218
148,1258
148,93
148,1123
148,1570
148,12
148,1419
148,367
148,1218
148,1258
148,93
148,1123
148,1570
148,12
148,1419
148,367
148,1218
148,1258
148,93
148,1123
148,1570
148,12
148,1419
17,873
17,1403
17,820
17,417
17,209
17,1190
17,395
17,206
17,870
17,392
17,57
17,997
17,962
17,873
17,1403
17,820
17,417
17,209
17,1190
17,395
17,206
17,870
17,392
17,57
17,997
17,962
319,162
319,1256
17,873
17,1403
17,820
17,417
17,209
17,1190
17,395
17,206
17,870
17,392
17,57
17,997
17,962
133,213
133,215
133,508
17,873
17,1403
17,820
17,417
17,209
17,1190
17,395
17,206
17,870
17,392
17,57
17,997
17,962
225,279
225,1204
225,16
17,873
17,1403
17,820
17,417
17,209
17,1190
17,395
17,206
17,870
17,392
17,57
17,997
17,962
146,945
146,730
62,1425
62,260
62,125
62,1345
62,939
62,320
62,722
62,105
62,321
62,727
62,805
62,630
62,195
62,725
62,589
62,1425
62,260
62,125
62,1345
62,939
62,320
62,722
62,105
62,321
62,727
62,805
62,630
62,195
62,725
62,589
28,215
28,773
28,203
28,1315
161,558
161,877
161,216
161,1592
161,1594
161,558
161,877
161,216
161,1592
161,1594
220,869
220,867
117,813
117,1403
117,42
117,743
117,395
117,870
117,392
117,177
117,574
117,88
117,436
117,962
117,1094
117,813
117,1403
117,42
117,743
117,395
117,870
117,392
117,177
117,574
117,88
117,436
117,962
117,1094
101,668
101,842
101,1573
101,1421
117,813
117,1403
117,42
117,743
117,395
117,870
117,392
117,177
117,574
117,88
117,436
117,962
117,1094
28,215
28,773
28,203
28,1315
117,813
117,1403
117,42
117,743
117,395
117,870
117,392
117,177
117,574
117,88
117,436
117,962
117,1094
101,668
101,842
101,1573
101,1421
117,813
117,1403
117,42
117,743
117,395
117,870
117,392
117,177
117,574
117,88
117,436
117,962
117,1094
47,1416
47,964
47,895
47,566
47,1443
47,769
47,926
47,394
47,1263
47,609
47,1211
47,1416
47,964
47,895
47,566
47,1443
47,769
47,926
47,394
47,1263
47,609
47,1211
118,1341
118,1174
118,691
158,215
158,517
158,1171
158,158
158,204
37,1468
37,1397
113,29
113,1255
113,2
113,1377
113,390
47,1416
47,964
47,895
47,566
47,1443
47,769
47,926
47,394
47,1263
47,609
47,1211
47,1416
47,964
47,895
47,566
47,1443
47,769
47,926
47,394
47,1263
47,609
47,1211
277,913
277,442
277,85
277,192
277,409
277,1065
277,1158
277,585
277,22
277,534
277,700
277,1166
277,519
277,18
277,608
277,1232
277,895
79,336
79,1139
79,562
79,1485
79,148
79,1062
79,697
79,1478
79,1282
79,1359
79,685
79,231
79,327
79,336
79,1139
79,562
79,1485
79,148
79,1062
79,697
79,1478
79,1282
79,1359
79,685
79,231
79,327
191,1375
191,573
191,1267
191,1435
191,948
191,729
191,592
50,215
50,773
50,203
50,1315
304,985
304,458
304,1377
304,390
304,985
304,458
304,1377
304,390
133,213
133,215
133,508
304,985
304,458
304,1377
304,390
44,221
44,1222
44,697
44,973
44,1282
44,1119
44,1461
44,1359
44,1149
44,1417
44,258
44,724
44,221
44,1222
44,697
44,973
44,1282
44,1119
44,1461
44,1359
44,1149
44,1417
44,258
44,724
44,221
44,1222
44,697
44,973
44,1282
44,1119
44,1461
44,1359
44,1149
44,1417
44,258
44,724
44,221
44,1222
44,697
44,973
44,1282
44,1119
44,1461
44,1359
44,1149
44,1417
44,258
44,724
44,221
44,1222
44,697
44,973
44,1282
44,1119
44,1461
44,1359
44,1149
44,1417
44,258
44,724
52,1107
52,14
52,160
52,960
52,1298
52,687
52,852
52,1129
52,933
178,1397
178,6
178,1098
190,465
190,1359
55,523
55,703
55,484
55,1326
55,269
55,515
312,651
312,388
182,484
182,434
182,1051
182,1010
182,375
182,466
182,68
182,307
182,1288
182,597
182,1326
182,295
182,620
182,70
182,650
182,10
182,118
182,253
182,754
182,368
272,460
272,295
272,1481
272,168
272,1564
272,1418
55,523
55,703
55,484
55,1326
55,269
55,515
55,523
55,703
55,484
55,1326
55,269
55,515
55,523
55,703
55,484
55,1326
55,269
55,515
255,1069
255,466
255,1272
255,546
255,1277
255,620
255,1478
255,775
255,1235
255,1145
255,1383
255,1359
255,1149
255,1186
255,644
255,1593
61,1062
61,1424
61,1377
61,793
61,1294
61,1055
61,895
286,1488
286,646
286,150
286,970
286,188
286,902
286,1488
286,646
286,150
286,970
286,188
286,902
286,1488
286,646
286,150
286,970
286,188
286,902
133,213
133,215
133,508
286,1488
286,646
286,150
286,970
286,188
286,902
286,1488
286,646
286,150
286,970
286,188
286,902
139,355
139,1103
139,883
139,483
139,1501
139,761
139,267
139,355
139,1103
139,883
139,483
139,1501
139,761
139,267
168,1557
168,275
139,355
139,1103
139,883
139,483
139,1501
139,761
139,267
156,552
156,1280
156,148
156,1062
156,1277
156,1478
156,1351
156,1282
156,1359
156,1149
156,1
156,724
156,821
156,1202
156,504
139,355
139,1103
139,883
139,483
139,1501
139,761
139,267
139,355
139,1103
139,883
139,483
139,1501
139,761
139,267
280,647
280,363
280,1353
280,606
280,38
280,1254
280,1584
280,385
280,1284
280,888
280,1132
280,993
280,1565
280,1354
280,1598
116,1021
116,1276
116,1127
116,910
116,262
116,1135
116,1029
116,1324
116,772
116,278
116,175
237,1276
237,1178
237,1183
237,142
237,573
237,729
237,1595
237,1097
237,995
237,1135
237,1133
289,1448
289,207
289,1439
237,1276
237,1178
237,1183
237,142
237,573
237,729
237,1595
237,1097
237,995
237,1135
237,1133
28,215
28,773
28,203
28,1315
237,1276
237,1178
237,1183
237,142
237,573
237,729
237,1595
237,1097
237,995
237,1135
237,1133
174,690
174,1067
174,468
174,859
174,338
174,528
174,254
174,1578
174,515
174,627
174,895
270,601
270,207
203,1057
203,115
203,1377
203,763
174,690
174,1067
174,468
174,859
174,338
174,528
174,254
174,1578
174,515
174,627
174,895
174,690
174,1067
174,468
174,859
174,338
174,528
174,254
174,1578
174,515
174,627
174,895
203,1057
203,115
203,1377
203,763
174,690
174,1067
174,468
174,859
174,338
174,528
174,254
174,1578
174,515
174,627
174,895
255,1069
255,466
255,1272
255,546
255,1277
255,620
255,1478
255,775
255,1235
255,1145
255,1383
255,1359
255,1149
255,1186
255,644
255,1593
234,52
234,1390
234,329
234,23
234,249
300,735
300,893
300,741
300,9
300,484
300,1295
300,635
300,709
300,1409
331,1164
331,1342
300,735
300,893
300,741
300,9
300,484
300,1295
300,635
300,709
300,1409
331,1164
331,1342
28,215
28,773
28,203
28,1315
300,735
300,893
300,741
300,9
300,484
300,1295
300,635
300,709
300,1409
225,279
225,1204
225,16
300,735
300,893
300,741
300,9
300,484
300,1295
300,635
300,709
300,1409
42,331
42,969
42,1195
300,735
300,893
300,741
300,9
300,484
300,1295
300,635
300,709
300,1409
6,411
6,835
6,1237
6,1018
6,484
6,173
6,1358
6,1047
6,1400
6,1333
6,43
146,945
146,730
6,411
6,835
6,1237
6,1018
6,484
6,173
6,1358
6,1047
6,1400
6,1333
6,43
225,279
225,1204
225,16
6,411
6,835
6,1237
6,1018
6,484
6,173
6,1358
6,1047
6,1400
6,1333
6,43
331,1164
331,1342
28,215
28,773
28,203
28,1315
6,411
6,835
6,1237
6,1018
6,484
6,173
6,1358
6,1047
6,1400
6,1333
6,43
227,1016
227,466
227,925
227,1272
227,546
227,1277
227,1478
227,1533
227,775
227,1235
227,1145
227,1383
227,1359
227,1149
227,1186
227,991
6,411
6,835
6,1237
6,1018
6,484
6,173
6,1358
6,1047
6,1400
6,1333
6,43
256,240
256,1229
256,680
256,464
256,198
256,1154
319,162
319,1256
256,240
256,1229
256,680
256,464
256,198
256,1154
92,527
92,571
92,640
92,701
92,1138
92,1350
92,1262
92,565
92,966
92,1524
92,899
92,161
92,1298
92,144
92,361
92,372
92,659
92,933
92,166
92,600
92,243
256,240
256,1229
256,680
256,464
256,198
256,1154
256,240
256,1229
256,680
256,464
256,198
256,1154
190,465
190,1359
131,787
131,1196
131,1340
131,69
28,215
28,773
28,203
28,1315
214,334
214,374
214,1257
131,787
131,1196
131,1340
131,69
118,1341
118,1174
118,691
289,1448
289,207
289,1439
252,1458
252,469
252,1068
252,955
252,843
27,636
27,638
27,1060
27,1311
27,1364
27,81
27,183
27,588
27,426
27,794
131,787
131,1196
131,1340
131,69
138,1027
138,1062
138,1255
138,885
138,474
138,132
138,362
138,1377
138,554
138,1055
189,448
189,927
189,1439
189,706
189,520
189,227
189,448
189,927
189,1439
189,706
189,520
189,227
189,448
189,927
189,1439
189,706
189,520
189,227
189,448
189,927
189,1439
189,706
189,520
189,227
189,448
189,927
189,1439
189,706
189,520
189,227
85,227
85,927
85,1439
85,706
85,1184
85,448
80,1157
80,668
80,119
80,1157
80,668
80,119
80,1157
80,668
80,119
80,1157
80,668
80,119
80,1157
80,668
80,119
165,579
165,518
320,1091
320,1220
320,505
320,895
320,936
179,1455
179,1148
179,281
179,1455
179,1148
179,281
179,1455
179,1148
179,281
179,1455
179,1148
179,281
179,1455
179,1148
179,281
258,232
258,96
67,847
67,1309
67,1155
67,847
67,1309
67,1155
67,847
67,1309
67,1155
67,847
67,1309
67,1155
67,847
67,1309
67,1155
133,213
133,215
133,508
134,1420
134,1457
134,815
134,610
134,658
134,511
134,299
134,32
134,731
134,1338
134,623
134,308
134,1318
134,699
134,345
134,433
134,1537
134,107
134,1337
134,270
134,65
134,1323
134,1534
134,358
134,1231
134,379
134,1305
134,929
134,1586
28,215
28,773
28,203
28,1315
198,871
198,322
198,1248
198,1185
198,967
198,1411
198,1343
198,309
198,1200
198,1502
198,495
198,1532
198,1432
198,892
198,274
198,979
198,286
198,289
192,1560
192,1560
246,72
246,280
246,487
192,1560
22,1465
22,330
22,1291
22,431
103,1219
103,1026
103,587
314,337
314,681
226,1048
226,872
314,337
314,681
67,847
67,1309
67,1155
314,337
314,681
160,189
160,713
160,36
160,944
160,235
160,726
102,930
102,907
102,391
314,337
314,681
133,213
133,215
133,508
37,1468
37,1397
301,1467
301,190
301,24
301,1467
301,190
301,24
301,1467
301,190
301,24
301,1467
301,190
301,24
301,1467
301,190
301,24
67,847
67,1309
67,1155
149,437
149,190
28,215
28,773
28,203
28,1315
184,244
140,59
140,568
325,1395
325,271
325,499
325,154
325,145
325,1378
325,335
325,421
325,677
325,485
325,495
325,1283
222,1290
222,674
222,1377
222,1344
222,134
173,672
173,415
173,1550
173,420
10,415
10,30
10,1053
10,1252
10,895
216,868
216,148
216,1255
216,697
216,1478
216,1493
216,1359
216,1149
216,453
216,1583
216,553
216,569
216,351
216,1223
273,776
273,652
273,1071
245,1496
245,568
245,378
245,1169
118,1341
118,1174
118,691
107,531
1,808
1,877
1,562
1,148
1,480
1,1062
1,522
1,925
1,546
1,1277
1,1478
1,1282
1,1533
1,775
1,1359
1,1592
1,1272
118,1341
118,1174
118,691
261,1452
261,1579
261,1214
261,1226
261,895
261,1452
261,1579
261,1214
261,1226
261,895
261,1452
261,1579
261,1214
261,1226
261,895
36,783
36,350
36,445
36,1525
36,570
36,333
36,539
36,1572
36,759
36,543
261,1452
261,1579
261,1214
261,1226
261,895
67,847
67,1309
67,1155
28,215
28,773
28,203
28,1315
288,263
288,373
288,1187
288,895
168,1557
168,275
121,895
121,27
121,1131
121,792
121,1408
121,760
121,1083
34,1120
34,823
34,1550
34,1120
34,823
34,1550
34,1120
34,823
34,1550
34,1120
34,823
34,1550
34,1120
34,823
34,1550
178,1397
178,6
178,1098
12,1407
100,1528
100,1003
100,50
100,377
100,1399
67,847
67,1309
67,1155
330,370
330,896
330,655
12,1407
12,1407
243,596
243,901
243,1580
243,207
306,596
306,1580
306,207
306,927
189,448
189,927
189,1439
189,706
189,520
189,227
98,222
98,1049
98,1210
98,304
98,1243
98,1531
98,551
98,895
98,3
21,810
243,596
243,901
243,1580
243,207
243,596
243,901
243,1580
243,207
143,1030
143,387
243,596
243,901
243,1580
243,207
215,138
215,1341
42,331
42,969
42,1195
282,863
282,1201
282,44
282,568
282,1033
67,847
67,1309
67,1155
42,331
42,969
42,1195
267,1286
267,1380
267,412
171,1176
171,1017
171,136
171,1176
171,1017
171,136
171,1176
171,1017
171,136
228,575
228,575
228,575
228,575
228,575
169,1241
169,603
329,259
329,1313
329,1370
329,555
296,241
296,393
120,616
120,1082
120,443
120,305
120,50
120,104
120,432
120,1111
120,456
120,1250
120,369
120,764
120,1304
120,878
11,661
11,1054
11,920
11,89
11,1516
11,343
285,1105
285,148
285,758
285,697
285,410
285,711
285,991
285,462
197,531
197,842
201,1579
201,1556
201,35
201,1591
201,407
